This is a random number genartor code
796
134
528
74
353
505
874
821
746
794
463
299
160
909
13
605
661
203
322
814
221
617
64
839
828
640
482
377
695
654
295
723
108
345
494
138
886
340
885
722
80
171
762
124
569
883
311
16
951
769
935
55
5
61
189
653
580
649
560
905
89
579
716
190
338
191
652
433
608
882
523
501
51
817
230
522
831
970
310
774
151
776
649
181
243
5
142
173
181
973
476
399
642
743
858
363
724
517
515
207
570
251
668
113
928
112
577
629
674
945
974
894
254
163
363
362
330
356
33
473
301
837
98
540
155
474
979
945
843
210
914
441
723
342
724
745
875
772
353
588
951
583
842
5
368
457
705
321
459
610
874
912
684
829
442
163
763
722
827
321
314
976
445
366
349
964
835
462
236
728
837
995
297
707
804
805
502
144
676
755
585
750
81
251
235
41
769
272
195
649
296
708
494
142
779
836
195
748
761
803
510
386
65
278
361
115
785
312
373
627
404
163
91
249
386
631
944
732
696
502
142
885
218
833
169
291
820
671
128
194
626
629
759
129
168
426
666
885
907
246
605
39
81
120
359
91
498
260
626
286
432
444
809
537
804
51
586
339
76
990
822
856
143
572
923
307
823
116
643
708
301
584
64
286
857
902
450
703
920
569
47
871
907
517
892
254
790
740
445
205
828
449
802
957
731
994
564
372
16
765
851
559
502
216
450
822
718
426
77
685
92
658
173
738
264
530
785
61
645
785
31
489
579
184
475
589
182
304
591
533
839
656
909
707
932
965
268
97
523
295
87
102
730
208
385
250
169
292
890
528
369
475
148
521
891
114
9
757
254
203
615
707
553
740
213
118
654
53
818
235
338
615
684
138
126
513
374
443
334
836
872
158
487
436
693
967
450
732
26
317
719
42
76
883
378
703
919
727
897
915
326
738
150
410
791
533
872
872
468
762
452
964
221
904
441
72
651
205
356
346
145
429
8
832
30
118
861
512
291
649
450
299
190
334
297
47
7
935
123
57
436
94
585
419
274
856
229
397
4
799
373
807
749
140
56
443
851
244
930
151
94
900
46
975
364
785
338
671
142
247
447
702
594
897
706
599
394
936
477
682
556
227
854
405
136
537
350
853
950
120
370
324
537
389
189
441
265
546
630
22
882
674
568
696
48
102
559
177
83
988
102
761
578
475
699
777
553
663
385
351
681
92
175
662
21
328
675
56
517
587
610
461
745
826
547
218
876
140
441
175
62
442
805
186
214
272
323
999
428
924
235
892
262
799
994
496
247
171
378
32
308
692
560
793
286
750
468
294
847
677
994
172
243
907
389
698
821
662
214
298
70
944
143
575
432
47
748
762
660
147
477
514
160
566
873
52
247
520
19
148
471
595
262
659
687
694
491
26
76
572
259
582
613
873
981
232
219
8
299
96
994
202
23
526
138
675
558
837
321
711
175
21
997
935
453
276
559
45
375
241
158
507
137
633
173
481
981
987
493
962
483
102
759
873
969
247
165
193
635
755
633
815
725
984
659
153
526
694
286
970
819
386
113
347
740
908
379
123
440
468
215
183
770
426
866
984
257
9
10
246
327
468
282
384
449
618
25
726
232
744
192
844
599
218
119
384
565
406
938
593
810
59
199
672
25
4
285
262
749
902
270
978
159
675
49
721
48
551
604
821
339
851
896
171
529
854
191
500
880
789
202
423
59
463
994
175
88
11
440
546
722
445
810
104
940
425
103
347
651
936
347
121
871
143
657
664
785
213
569
213
183
698
239
231
862
272
987
596
135
648
548
516
283
925
198
81
290
282
798
852
647
301
248
632
417
27
840
737
583
959
621
562
86
816
456
685
391
222
903
178
292
477
488
200
17
320
969
747
443
552
476
794
164
102
621
809
285
398
500
894
278
524
960
168
925
43
877
86
944
645
347
751
482
119
367
130
893
353
815
719
825
534
851
826
614
539
798
815
459
366
728
428
242
684
137
320
573
50
528
506
266
814
867
70
456
997
386
304
891
900
55
594
488
324
169
677
924
392
802
646
881
31
715
13
653
557
439
94
27
82
642
693
772
722
638
443
862
191
589
861
649
960
184
982
927
230
302
803
887
213
326
96
28
971
766
15
267
277
439
333
768
229
789
450
184
410
237
828
55
908
746
689
233
968
45
837
972
420
850
896
566
285
666
741
915
824
766
258
764
46
931
975
28
625
82
843
219
246
839
921
356
725
740
660
186
938
833
531
540
959
195
596
235
755
267
271
482
97
935
194
798
5
346
323
622
439
97
360
325
