This is a random number genartor code
752
636
392
738
122
858
959
501
389
478
763
792
552
227
566
649
587
961
176
624
258
29
61
378
536
802
483
682
62
15
629
538
32
556
951
209
582
625
862
228
205
920
274
125
636
87
779
795
717
589
43
976
147
944
952
17
156
543
435
225
344
565
407
5
39
147
676
599
575
454
147
31
526
979
140
280
172
876
407
542
787
983
213
829
904
621
999
605
840
352
88
468
742
925
734
253
490
447
579
580
609
395
556
292
642
583
5
999
408
274
59
928
519
144
597
816
15
685
945
200
818
983
608
38
765
819
176
691
697
676
354
768
165
818
599
630
579
865
878
94
247
279
945
766
40
710
21
522
380
699
229
670
469
746
231
389
213
496
931
594
909
538
182
992
945
242
104
656
588
279
896
357
476
567
191
753
477
263
520
476
634
203
735
270
311
428
714
801
143
627
519
290
792
777
659
402
771
256
450
303
97
502
540
81
64
619
762
156
869
360
614
961
946
932
630
356
654
415
109
767
444
768
947
79
839
688
798
365
775
941
356
570
487
869
705
86
961
944
241
614
591
134
507
380
583
64
31
934
234
687
213
326
523
651
823
352
487
114
973
914
517
137
979
158
205
196
128
88
35
614
372
8
437
749
737
45
232
450
132
370
327
745
680
916
578
669
280
694
735
324
777
816
387
345
95
510
505
740
613
180
13
309
159
653
208
658
361
139
878
643
159
218
30
671
960
60
658
919
19
471
644
682
903
764
604
49
222
462
615
731
123
801
342
791
669
502
556
71
918
334
392
582
287
893
308
631
519
409
286
701
659
395
436
734
905
890
907
320
937
451
128
926
56
568
198
404
123
844
916
231
911
114
281
670
217
719
8
528
367
402
714
903
54
855
122
531
204
875
930
545
454
715
784
400
464
665
56
691
613
910
372
750
896
657
792
263
180
666
986
299
547
951
30
574
560
180
154
781
556
758
756
591
662
285
851
416
998
679
848
666
4
462
205
234
270
256
314
103
225
12
219
560
713
335
878
172
541
953
205
830
9
962
286
534
813
908
55
188
47
71
712
669
838
784
966
474
304
708
763
169
100
382
138
96
94
933
459
244
880
216
371
686
395
464
805
742
292
720
834
319
989
963
966
603
805
929
538
461
912
755
44
391
655
665
228
918
480
332
101
563
349
253
24
344
897
660
666
286
679
989
636
297
790
899
620
463
981
810
796
312
194
91
621
211
339
300
58
812
29
237
321
82
664
11
23
850
3
505
416
255
43
654
278
612
242
524
460
908
69
677
875
357
151
242
789
832
127
703
412
188
845
436
645
961
543
54
718
747
601
691
940
726
418
324
676
517
175
561
854
963
840
793
685
762
301
901
310
734
738
453
616
950
397
717
410
407
44
742
846
54
469
669
627
859
913
996
744
516
246
919
28
789
979
530
462
663
467
527
101
625
617
938
173
461
534
770
102
337
983
111
121
54
346
804
387
185
868
648
347
927
57
413
628
207
758
242
52
665
918
630
663
651
795
859
424
617
839
939
998
396
308
496
982
155
543
394
498
786
825
874
927
445
33
419
50
815
187
41
763
138
495
144
771
18
780
541
944
758
34
291
812
222
821
137
1
447
879
489
397
94
167
871
114
171
956
638
594
558
562
671
654
138
551
262
172
17
383
836
269
456
109
143
547
875
299
837
844
593
999
225
986
236
906
286
631
578
56
580
120
443
640
371
243
78
104
530
297
128
111
352
803
286
550
494
178
83
305
644
368
739
736
137
800
712
359
534
535
430
887
916
738
318
141
993
504
771
332
710
158
553
75
408
509
355
577
956
369
537
805
368
843
593
7
295
703
521
913
158
222
817
67
272
606
982
4
635
690
370
663
940
536
725
427
458
311
492
315
608
412
882
719
449
43
577
972
1
358
820
243
770
542
828
109
614
578
384
637
431
494
489
574
661
850
609
952
643
976
189
415
88
309
432
894
314
127
695
288
419
430
763
817
356
857
87
339
927
536
2
715
794
211
582
206
302
877
957
621
100
330
416
39
454
983
894
383
803
32
970
513
174
745
380
110
200
336
807
91
597
354
655
732
698
285
637
842
748
805
205
300
688
877
801
534
465
910
775
569
65
995
932
139
2
741
287
225
140
128
885
3
863
166
897
89
228
80
83
731
750
835
245
945
129
658
990
515
182
60
477
947
479
565
7
364
10
887
508
414
249
317
231
34
749
764
650
549
362
157
607
443
756
634
454
735
174
298
650
790
708
106
894
737
63
845
256
333
25
605
261
780
